
2999 
4579 
7481 
8558 
9904 
12121
12927
15080
15090
15817 
16110
17077 
17190
18056
18070
18185
18931
18934
18963
18975
19715
19785
19786
20637
20754
20770
21650
21847
21849
21886
21891 
21944
22107
22769
23291
23608 
24451
25397
25601 
25879
26321
26595
27249
31555
32219
33010 
33385
33433
33445
34207
34209
36208
36209
36243
36505
36506
38483
38609
39255
40877
40884
40886
40887
41204
41205
41301
41911
41979
43027
43028
43087
43640
44972
45009
45027
45074
45075
45305
47494
47981
50033
53252
55196 
55418 
56100
60214
62071
66939
67085
70179
70533
70942
72632
74880
74910
76340
77346
80240
87644
87645
88146
91428
91429
92585
93949
97069
97186
98873
102617
102619
103289
107676
108205 
121517
121541
123612
135729
137082
137567
137636
137944
156474
164915
168473
170974
171579
172836
189521
196800
200511
207563
257692
260483
301934
308182
309704 
313020
363033
387934
438098